67,309
0,607
67,308
0,606
67,307
67,306
0,605
67,305
0,604
67,304
67,303
0,603
67,302
0,602
67,301
68,29
0,601
67,300
67,299
0,600
67,298
66,20
66,19
0,599
67,297
0,598
67,296
67,295
0,597
67,294
0,596
67,293
67,292
0,595
67,291
0,594
67,290
68,28
67,289
0,593
67,288
0,592
67,287
67,286
0,591
67,285
0,590
67,284
67,283
0,589
67,282
0,588
67,281
67,280
0,587
67,279
0,586
67,278
67,277
0,585
67,276
0,584
68,27
67,275
65,9
0,583
67,274
67,273
0,582
67,272
0,581
67,271
67,270
0,580
67,269
0,579
67,268
67,267
0,578
67,266
0,577
67,265
67,264
0,576
66,18
67,263
0,575
67,262
67,261
0,574
67,260
68,26
0,573
67,259
67,258
0,572
67,257
0,571
67,256
0,570
67,255
67,254
0,569
68,25
67,253
0,568
67,252
0,567
67,251
67,250
0,566
67,249
0,565
67,248
67,247
0,564
67,246
0,563
67,245
67,244
0,562
67,243
0,561
68,24
67,242
0,560
67,241
66,17
67,240
0,559
67,239
0,558
67,238
67,237
0,557
67,236
0,556
67,235
67,234
0,555
66,16
67,233
0,554
67,232
67,231
0,553
67,230
0,552
67,229
67,228
0,551
68,23
67,227
0,550
67,226
67,225
0,549
67,224
0,548
67,223
0,547
67,222
67,221
0,546
67,220
0,545
67,219
0,544
67,218
68,22
67,217
0,543
67,216
0,542
67,215
67,214
0,541
67,213
0,540
67,212
67,211
0,539
67,210
0,538
67,209
66,15
66,14
0,537
67,208
67,207
0,536
67,206
0,535
68,21
67,205
67,204
0,534
67,203
0,533
67,202
0,532
67,201
67,200
0,531
67,199
0,530
67,198
67,197
0,529
67,196
0,528
67,195
67,194
0,527
68,20
67,193
0,526
67,192
67,191
0,525
67,190
0,524
67,189
67,188
0,523
67,187
0,522
67,186
67,185
0,521
67,184
0,520
67,183
67,182
0,519
67,181
66,13
0,518
67,180
67,179
0,517
68,19
67,178
0,516
67,177
67,176
0,515
67,175
65,8
0,514
67,174
67,173
0,513
67,172
0,512
67,171
67,170
0,511
67,169
0,510
67,168
0,509
67,167
67,166
0,508
67,165
68,18
0,507
67,164
0,506
67,163
67,162
0,505
67,161
0,504
67,160
0,503
68,17
67,159
67,158
0,502
67,157
0,501
67,156
67,155
0,500
66,12
67,154
0,499
67,153
67,152
0,498
67,151
0,497
67,150
67,149
0,496
67,148
0,495
67,147
67,146
0,494
67,145
68,16
0,493
67,144
67,143
0,492
67,142
0,491
67,141
0,490
67,140
67,139
0,489
67,138
0,488
67,137
67,136
0,487
67,135
0,486
67,134
67,133
0,485
67,132
0,484
67,131
68,15
67,130
0,483
67,129
0,482
